RMSE	:	6.458109420114814
MAE		:	5.644669041489109
EVS		:	0.058698358970437514