RMSE	:	4.1452451990946555
MAE		:	3.0714333400581824
EVS		:	0.6215028593724417