RMSE	:	5.2454254117767585
MAE		:	3.893145951357755
EVS		:	0.38643091681776265