RMSE	:	6.249992633609595
MAE		:	5.30233334050034
EVS		:	0.14463271385632026