RMSE	:	4.639450359346228
MAE		:	3.647348699470361
EVS		:	0.5705962617229893