RMSE	:	5.588013244053627
MAE		:	4.28311858032689
EVS		:	0.32213451912999225