RMSE	:	5.1068329110521145
MAE		:	3.651813047627608
EVS		:	0.48300143930344963