RMSE	:	4.540181292864019
MAE		:	3.5047947520559486
EVS		:	0.5529037833369288