RMSE	:	4.689426559766902
MAE		:	3.655579523606734
EVS		:	0.5022263423037183